         5.468026015E-03        -7.269141821E-01        -1.009090488E-02
         7.139187829E-01        -1.313715146E-01        -4.301891627E-02
         2.526919577E-01         6.752580902E-01        -5.520750196E-03
        -6.244143546E-01         3.534715919E-01         4.083367134E-02
        -4.538185720E-01        -5.639657847E-01         1.863727611E-02
         4.718369437E-01        -5.536608012E-01        -3.471191647E-02
         6.275404682E-01         3.602993022E-01        -3.141502763E-02
        -2.499083958E-01         6.734555476E-01         2.349965626E-02
        -7.053079482E-01        -1.436005629E-01         3.882351953E-02
         1.754793888E-02        -7.268092030E-01        -1.079108858E-02
         7.159759885E-01        -1.195811753E-01        -4.298031395E-02
         2.413573447E-01         6.792994125E-01        -4.808260546E-03
        -6.303099743E-01         3.428128964E-01         4.103340360E-02
        -4.443656354E-01        -5.715568485E-01         1.798812656E-02
         4.809438498E-01        -5.457475549E-01        -3.513267796E-02
         6.213706773E-01         3.707317971E-01        -3.091743108E-02
        -2.612799273E-01         6.691098279E-01         2.410063908E-02
        -7.029228945E-01        -1.553995450E-01         3.852711136E-02
         2.945764632E-02        -7.264360038E-01        -1.147656286E-02
         7.177685761E-01        -1.076621098E-01        -4.292459884E-02
         2.298006548E-01         6.832271608E-01        -4.085909249E-03
        -6.360966125E-01         3.320996572E-01         4.122509426E-02
        -4.349330755E-01        -5.789063396E-01         1.734299393E-02
         4.898019192E-01        -5.377358144E-01        -3.553855567E-02
         6.150058347E-01         3.810281357E-01        -3.041102806E-02
        -2.726148050E-01         6.645099046E-01         2.469428669E-02
        -7.002735036E-01        -1.673220170E-01         3.821368923E-02
         4.153213961E-02        -7.258967474E-01        -1.216731798E-02
         7.194463755E-01        -9.573667359E-02        -4.286007399E-02
         2.183423924E-01         6.869146262E-01        -3.372708681E-03
        -6.416055095E-01         3.212744021E-01         4.139723278E-02
        -4.251913812E-01        -5.861773851E-01         1.668062817E-02
         4.986942034E-01        -5.295034884E-01        -3.594137222E-02
         6.085582108E-01         3.912234208E-01        -2.989932332E-02
        -2.837328332E-01         6.597835990E-01         2.527353620E-02
        -6.974052112E-01        -1.791095129E-01         3.788737878E-02
         5.359222166E-02        -7.251302601E-01        -1.285491688E-02
         7.208961916E-01        -8.370646761E-02        -4.278125620E-02
         2.066799201E-01         6.904493165E-01        -2.650625414E-03
        -6.470215019E-01         3.103134493E-01         4.156097539E-02
        -4.154759508E-01        -5.932705148E-01         1.601947390E-02
         5.072770745E-01        -5.212519260E-01        -3.632684727E-02
         6.018724157E-01         4.012475973E-01        -2.937385258E-02
        -2.949030784E-01         6.547981381E-01         2.585401597E-02
        -6.944012113E-01        -1.909071006E-01         3.755133290E-02
         6.548964366E-02        -7.242304705E-01        -1.353384403E-02
         7.221067713E-01        -7.184295754E-02        -4.268917540E-02
         1.950347945E-01         6.937253156E-01        -1.928960111E-03
        -6.522134482E-01         2.992759890E-01         4.171290823E-02
        -4.055515672E-01        -6.002053520E-01         1.535105764E-02
         5.158354370E-01        -5.127586574E-01        -3.670740719E-02
         5.950584910E-01         4.112336214E-01        -2.884178402E-02
        -3.058605908E-01         6.497392459E-01         2.642311618E-02
        -6.911741678E-01        -2.024903844E-01         3.720668379E-02
         7.747357635E-02        -7.230316217E-01        -1.421495123E-02
         7.231601851E-01        -5.975250341E-02        -4.258695958E-02
         1.833148178E-01         6.968942071E-01        -1.204392726E-03
        -6.571987128E-01         2.882794934E-01         4.185426498E-02
        -3.955842536E-01        -6.068837812E-01         1.468100003E-02
         5.242286624E-01        -5.040978949E-01        -3.707891746E-02
         5.880128000E-01         4.211338468E-01        -2.830114399E-02
        -3.168744881E-01         6.443959576E-01         2.698848893E-02
        -6.877518822E-01        -2.141828994E-01         3.685090942E-02
         8.941939891E-02        -7.217168079E-01        -1.489072528E-02
         7.240139380E-01        -4.782058918E-02        -4.247684531E-02
         1.715875772E-01         6.997659835E-01        -4.856480321E-04
        -6.620168000E-01         2.770289803E-01         4.198298044E-02
        -3.854261801E-01        -6.135209233E-01         1.400292292E-02
         5.324802449E-01        -4.953991765E-01        -3.744074555E-02
         5.809132512E-01         4.307819635E-01        -2.775992524E-02
        -3.276752214E-01         6.388818807E-01         2.754069144E-02
        -6.841143566E-01        -2.257902359E-01         3.648461989E-02
         1.013740076E-01        -7.201636095E-01        -1.556056949E-02
         7.246597796E-01        -3.574314827E-02        -4.235086504E-02
         1.597441412E-01         7.025179899E-01         2.370539866E-04
        -6.666644981E-01         2.658397413E-01         4.210112705E-02
        -3.753228140E-01        -6.198579709E-01         1.333216629E-02
         5.405007675E-01        -4.865121475E-01        -3.778533397E-02
         5.735165806E-01         4.404442688E-01        -2.720098131E-02
        -3.384994493E-01         6.332123941E-01         2.809104473E-02
        -6.803692642E-01        -2.372445330E-01         3.611266260E-02
         1.131492652E-01        -7.184178718E-01        -1.621940084E-02
         7.250559763E-01        -2.370461274E-02        -4.221116379E-02
         1.478098958E-01         7.050462286E-01         9.619036732E-04
        -6.711319569E-01         2.544326320E-01         4.220498523E-02
        -3.649431397E-01        -6.261392945E-01         1.264636114E-02
         5.484879780E-01        -4.774886903E-01        -3.812489146E-02
         5.660756765E-01         4.499084064E-01        -2.664074945E-02
        -3.491020843E-01         6.273591718E-01         2.862580848E-02
        -6.763106279E-01        -2.487256711E-01         3.572115159E-02
         1.251205903E-01        -7.164636378E-01        -1.688663662E-02
         7.253407883E-01        -1.162424290E-02        -4.206318364E-02
         1.359634479E-01         7.073786470E-01         1.680362316E-03
        -6.753418280E-01         2.430541923E-01         4.229427277E-02
        -3.544644117E-01        -6.322036881E-01         1.195657511E-02
         5.563254229E-01        -4.682868997E-01        -3.845462686E-02
         5.583803152E-01         4.593233048E-01        -2.606824963E-02
        -3.597379933E-01         6.212905017E-01         2.915934963E-02
        -6.721558326E-01        -2.601249325E-01         3.532424222E-02
         1.368534752E-01        -7.143676246E-01        -1.753979873E-02
         7.253467592E-01         3.378666790E-04        -4.190066836E-02
         1.239635585E-01         7.094679629E-01         2.405749106E-03
        -6.794488082E-01         2.315055364E-01         4.237553401E-02
        -3.439997276E-01        -6.381170618E-01         1.126835852E-02
         5.638913952E-01        -4.591168566E-01        -3.876914453E-02
         5.505928243E-01         4.684711487E-01        -2.549158360E-02
        -3.702143655E-01         6.150343358E-01         2.968269759E-02
        -6.677569217E-01        -2.714719383E-01         3.491727695E-02
         1.486852878E-01        -7.120279763E-01        -1.819235984E-02
         7.252105954E-01         1.240792474E-02        -4.172896562E-02
         1.120465270E-01         7.114120540E-01         3.124237523E-03
        -6.832735720E-01         2.200571491E-01         4.244280069E-02
        -3.333782950E-01        -6.437735087E-01         1.057505450E-02
         5.714191724E-01        -4.496346747E-01        -3.907781779E-02
         5.426314198E-01         4.776337644E-01        -2.490527600E-02
        -3.805368089E-01         6.086951322E-01         3.019597892E-02
        -6.632005038E-01        -2.826236775E-01         3.450146734E-02
         1.604355949E-01        -7.094588748E-01        -1.883972519E-02
         7.248432555E-01         2.451926349E-02        -4.154456628E-02
         9.996939380E-02         7.131400369E-01         3.845387482E-03
        -6.869670742E-01         2.083771781E-01         4.249795746E-02
        -3.226386721E-01        -6.493514693E-01         9.877005422E-03
         5.787462651E-01        -4.401663783E-01        -3.937501568E-02
         5.345713242E-01         4.865282715E-01        -2.431772137E-02
        -3.907676756E-01         6.020792806E-01         3.070001044E-02
        -6.583986847E-01        -2.938666365E-01         3.407101248E-02
         1.721779141E-01        -7.067719435E-01        -1.948461209E-02
         7.243158104E-01         3.647671462E-02        -4.135213901E-02
         8.801323314E-02         7.146251802E-01         4.559441276E-03
        -6.904098587E-01         1.966931153E-01         4.253994426E-02
        -3.117874408E-01        -6.547193814E-01         9.176357355E-03
         5.859489111E-01        -4.304771523E-01        -3.966014840E-02
         5.262909244E-01         4.954045725E-01        -2.371735474E-02
        -4.009016742E-01         5.953926803E-01         3.119733393E-02
        -6.535203622E-01        -3.048235395E-01         3.363971399E-02
         1.837392049E-01        -7.038332087E-01        -2.011581340E-02
         7.235095240E-01         4.855082686E-02        -4.114229341E-02
         7.587046706E-02         7.159763974E-01         5.282307002E-03
        -6.937214461E-01         1.850340253E-01         4.257470976E-02
        -3.010068495E-01        -6.598324572E-01         8.481582646E-03
         5.928983257E-01        -4.207243918E-01        -3.993213411E-02
         5.178300085E-01         5.041187013E-01        -2.310959148E-02
        -4.109782808E-01         5.884485257E-01         3.168717862E-02
        -6.483714917E-01        -3.158522327E-01         3.319275663E-02
         1.954026367E-01        -7.007166706E-01        -2.074916628E-02
         7.225858970E-01         6.055181368E-02        -4.092608936E-02
         6.385620000E-02         7.170825947E-01         5.993524520E-03
        -6.967603837E-01         1.732685723E-01         4.259151870E-02
        -2.899470458E-01        -6.648274312E-01         7.773291936E-03
         5.998185164E-01        -4.107953597E-01        -4.019845669E-02
         5.093301609E-01         5.126689629E-01        -2.250156569E-02
        -4.208213813E-01         5.814013536E-01         3.216153112E-02
        -6.430375563E-01        -3.267269845E-01         3.273662671E-02
         2.070045762E-01        -6.973795409E-01        -2.137538638E-02
         7.214186209E-01         7.262131522E-02        -4.069592383E-02
         5.167984148E-02         7.179998049E-01         6.709520165E-03
        -6.996865922E-01         1.614142392E-01         4.259893520E-02
        -2.789898870E-01        -6.696300454E-01         7.072209378E-03
         6.064207663E-01        -4.008846243E-01        -4.044586343E-02
         5.006040541E-01         5.210379951E-01        -2.188116792E-02
        -4.306756954E-01         5.740963644E-01         3.263282313E-02
        -6.375922960E-01        -3.375630650E-01         3.227237234E-02
         2.183879561E-01        -6.939443734E-01        -2.198840824E-02
         7.200391424E-01         8.449124856E-02        -4.045304949E-02
         3.955872432E-02         7.186702621E-01         7.421771411E-03
        -7.023726702E-01         1.494976952E-01         4.259275736E-02
        -2.678288896E-01        -6.742629737E-01         6.364184785E-03
         6.129588961E-01        -3.907568690E-01        -4.068577009E-02
         4.917972525E-01         5.293172668E-01        -2.125647549E-02
        -4.402701206E-01         5.667577486E-01         3.308998172E-02
        -6.319241927E-01        -3.481933053E-01         3.179790817E-02
         2.298535105E-01        -6.902056855E-01        -2.260354728E-02
         7.184814585E-01         9.653561848E-02        -4.019804180E-02
         2.743686445E-02         7.192168707E-01         8.133626048E-03
        -7.048401570E-01         1.376724943E-01         4.257465669E-02
        -2.566413519E-01        -6.786468276E-01         5.653929020E-03
         6.193149713E-01        -3.804925691E-01        -4.091574879E-02
         4.827625456E-01         5.374762388E-01        -2.062305488E-02
        -4.498701447E-01         5.591391697E-01         3.354212144E-02
        -6.260596042E-01        -3.588674340E-01         3.131276024E-02
         2.412229546E-01        -6.863727629E-01        -2.321226013E-02
         7.167408891E-01         1.083700394E-01        -3.993727723E-02
         1.532327238E-02         7.194684674E-01         8.840595774E-03
        -7.071132470E-01         1.256340945E-01         4.254436167E-02
        -2.453110240E-01        -6.829428978E-01         4.938003234E-03
         6.255030460E-01        -3.702477208E-01        -4.113708578E-02
         4.737239945E-01         5.453603745E-01        -1.999190806E-02
        -4.592407427E-01         5.513908610E-01         3.398202690E-02
        -6.200045876E-01        -3.694058028E-01         3.082041312E-02
         2.525738694E-01        -6.822914978E-01        -2.381380068E-02
         7.147844028E-01         1.203061933E-01        -3.966271677E-02
         3.163195249E-03         7.195859242E-01         9.546991781E-03
        -7.092155853E-01         1.137355159E-01         4.250617358E-02
        -2.340731002E-01        -6.869344295E-01         4.232907514E-03
         6.314632109E-01        -3.598131196E-01        -4.134223968E-02
         4.644140376E-01         5.532151262E-01        -1.934682534E-02
        -4.685650342E-01         5.435200940E-01         3.441635019E-02
        -6.138826248E-01        -3.797371397E-01         3.032663241E-02
         2.637178961E-01        -6.780376167E-01        -2.440219058E-02
         7.125947044E-01         1.321819667E-01        -3.937622091E-02
        -9.044365308E-03         7.194608598E-01         1.025092696E-02
        -7.111051568E-01         1.016374742E-01         4.245178760E-02
        -2.226004030E-01        -6.908239922E-01         3.517204443E-03
         6.373399103E-01        -3.492908687E-01        -4.153892291E-02
         4.551116119E-01         5.608386337E-01        -1.870485553E-02
        -4.776454168E-01         5.354803824E-01         3.483222876E-02
        -6.074421332E-01        -3.900747205E-01         2.981324870E-02
         2.749882519E-01        -6.735685555E-01        -2.499321280E-02
         7.102893376E-01         1.440321048E-01        -3.908104692E-02
        -2.110255699E-02         7.191544786E-01         1.094447058E-02
        -7.127404620E-01         8.960948425E-02         4.238212775E-02
        -2.110690630E-01        -6.944902591E-01         2.799903303E-03
         6.430317936E-01        -3.386088115E-01        -4.172279054E-02
         4.455630448E-01         5.683830861E-01        -1.805009687E-02
        -4.866965470E-01         5.272625395E-01         3.524326295E-02
        -6.009491114E-01        -4.002624472E-01         2.929609457E-02
         2.859747983E-01        -6.689945290E-01        -2.556803272E-02
         7.077095840E-01         1.557593071E-01        -3.876990069E-02
        -3.329431188E-02         7.186059869E-01         1.164472127E-02
        -7.142499362E-01         7.748956143E-02         4.230296309E-02
        -1.996208028E-01        -6.979887777E-01         2.086870233E-03
         6.484464782E-01        -3.280144499E-01        -4.189155607E-02
         4.359494623E-01         5.756633515E-01        -1.739149957E-02
        -4.955667963E-01         5.188962250E-01         3.564421649E-02
        -5.942167886E-01        -4.103567963E-01         2.876931477E-02
         2.970227703E-01        -6.641710928E-01        -2.614218299E-02
         7.049845034E-01         1.675269383E-01        -3.845068294E-02
        -4.534682397E-02         7.179217177E-01         1.233645624E-02
        -7.154914197E-01         6.551318957E-02         4.221217590E-02
        -1.880268533E-01        -7.012168328E-01         1.368682971E-03
         6.537836859E-01        -3.171349373E-01        -4.205397793E-02
         4.261992020E-01         5.828903422E-01        -1.672649775E-02
        -5.042536282E-01         5.104812664E-01         3.603476234E-02
        -5.873673304E-01        -4.202264757E-01         2.823707311E-02
         3.079571441E-01        -6.591353804E-01        -2.670942207E-02
         7.020220084E-01         1.792875010E-01        -3.812089379E-02
        -5.753440145E-02         7.169858881E-01         1.302850310E-02
        -7.165783994E-01         5.334191650E-02         4.211025633E-02
        -1.763928934E-01        -7.043351246E-01         6.515778841E-04
         6.588963943E-01        -3.063298683E-01        -4.220520363E-02
         4.163774380E-01         5.898320267E-01        -1.606331474E-02
        -5.128370117E-01         5.017800297E-01         3.641521338E-02
        -5.802927022E-01        -4.301416320E-01         2.769306533E-02
         3.188068561E-01        -6.540071081E-01        -2.726934318E-02
         6.989270956E-01         1.908422890E-01        -3.778532594E-02
        -6.956415495E-02         7.158223007E-01         1.371033834E-02
        -7.174249096E-01         4.118212558E-02         4.199524893E-02
        -1.646766277E-01        -7.072348350E-01        -6.461436224E-05
         6.638536216E-01        -2.953230851E-01        -4.234193563E-02
         4.063716304E-01         5.967112423E-01        -1.539075384E-02
        -5.212710478E-01         4.930533881E-01         3.678545011E-02
        -5.731743510E-01        -4.397645361E-01         2.715021136E-02
         3.294766151E-01        -6.486410442E-01        -2.781479134E-02
         6.955458473E-01         2.024968956E-01        -3.743137394E-02
        -8.171070260E-02         7.145108697E-01         1.439632208E-02
        -7.181260339E-01         2.910191686E-02         4.187184973E-02
        -1.530588992E-01        -7.098978717E-01        -7.742758900E-04
         6.685608766E-01        -2.842789782E-01        -4.246505070E-02
         3.962075158E-01         6.034092386E-01        -1.471156558E-02
        -5.296066053E-01         4.840703220E-01         3.714531470E-02
        -5.657678702E-01        -4.494255384E-01         2.659015903E-02
         3.401937364E-01        -6.431118292E-01        -2.835963100E-02
         6.920624208E-01         2.140103314E-01        -3.707214912E-02
        -9.369370396E-02         7.129665792E-01         1.506945068E-02
        -7.185367320E-01         1.692972980E-02         4.172947536E-02
        -1.411759844E-01        -7.124142047E-01        -1.497032067E-03
         6.731960371E-01        -2.731188235E-01        -4.258125189E-02
         3.860554401E-01         6.099093477E-01        -1.403467699E-02
        -5.376861836E-01         4.750350288E-01         3.749021935E-02
        -5.582004097E-01        -4.589016292E-01         2.602267432E-02
         3.508231354E-01        -6.373704587E-01        -2.889719628E-02
         6.883271505E-01         2.255509185E-01        -3.669965004E-02
        -1.057925981E-01         7.112171776E-01         1.574569453E-02
        -7.188281620E-01         4.754727226E-03         4.157941304E-02
        -1.294581137E-01        -7.147317862E-01        -2.208942465E-03
         6.775257284E-01        -2.620043007E-01        -4.268048658E-02
         3.756930227E-01         6.162115699E-01        -1.334720994E-02
        -5.457332513E-01         4.657725816E-01         3.783034703E-02
        -5.505714232E-01        -4.682659682E-01         2.545196192E-02
         3.611993224E-01        -6.315663373E-01        -2.941969529E-02
         6.844195309E-01         2.368659492E-01        -3.631816924E-02
        -1.177985495E-01         7.092346783E-01         1.641492945E-02
        -7.188723520E-01        -7.449919048E-03         4.141708046E-02
        -1.175644317E-01        -7.168472793E-01        -2.924844057E-03
         6.817596586E-01        -2.507041579E-01        -4.277139913E-02
         3.653199583E-01         6.223811202E-01        -1.266107808E-02
        -5.534944064E-01         4.565161487E-01         3.815466795E-02
        -5.427324858E-01        -4.774179401E-01         2.487237065E-02
         3.716272122E-01        -6.254466301E-01        -2.994124684E-02
         6.803310066E-01         2.482945829E-01        -3.592496966E-02
        -1.297243940E-01         7.071287831E-01         1.707800985E-02
        -7.187068879E-01        -1.952330058E-02         4.124244260E-02
        -1.056820585E-01        -7.187168957E-01        -3.639885804E-03
         6.857893345E-01        -2.392932212E-01        -4.284989459E-02
         3.547372400E-01         6.283996502E-01        -1.196792177E-02
        -5.612028793E-01         4.469971049E-01         3.847024001E-02
        -5.347260662E-01        -4.865540339E-01         2.428375442E-02
         3.818898537E-01        -6.192692523E-01        -3.045265045E-02
         6.760766802E-01         2.594914850E-01        -3.552595037E-02
        -1.416233157E-01         7.047371249E-01         1.773580989E-02
        -7.183256803E-01        -3.176332120E-02         4.105381147E-02
        -9.373006340E-02        -7.204751717E-01        -4.357396495E-03
         6.896283487E-01        -2.279647238E-01        -4.291844293E-02
         3.441926397E-01         6.341481228E-01        -1.127737273E-02
        -5.686670180E-01         4.373997798E-01         3.877312686E-02
        -5.265520621E-01        -4.955190358E-01         2.368864136E-02
         3.920991975E-01        -6.128478159E-01        -3.095569970E-02
         6.715959760E-01         2.707476802E-01        -3.511267737E-02
        -1.535031097E-01         7.022301691E-01         1.839105608E-02
        -7.177902070E-01        -4.378087581E-02         4.085961301E-02
        -8.189447423E-02        -7.219375959E-01        -5.064227386E-03
         6.932278292E-01        -2.164580501E-01        -4.297147772E-02
         3.333941279E-01         6.398293899E-01        -1.057373680E-02
        -5.760387852E-01         4.277371027E-01         3.907012775E-02
        -5.183596708E-01        -5.042359356E-01         2.309510465E-02
         4.020852961E-01        -6.062835157E-01        -3.144667175E-02
         6.668930020E-01         2.819084564E-01        -3.468948866E-02
        -1.654137556E-01         6.994625489E-01         1.904298515E-02
        -7.170226842E-01        -5.596396192E-02         4.065013237E-02
        -6.987898215E-02        -7.232606226E-01        -5.777660885E-03
         6.967116368E-01        -2.049357978E-01        -4.301660093E-02
         3.226443072E-01         6.452513496E-01        -9.877549601E-03
        -5.831723167E-01         4.179030984E-01         3.934955609E-02
        -5.098596751E-01        -5.129268474E-01         2.248500654E-02
         4.121257537E-01        -5.995164445E-01        -3.193579540E-02
         6.620934473E-01         2.929688375E-01        -3.426133692E-02
        -1.771391533E-01         6.965252164E-01         1.968142774E-02
        -7.160250103E-01        -6.805971069E-02         4.042780982E-02
        -5.785251698E-02        -7.243585098E-01        -6.488067077E-03
         6.999834508E-01        -1.932787577E-01        -4.304757672E-02
         3.116721641E-01         6.505510182E-01        -9.171777131E-03
        -5.902381905E-01         4.079143871E-01         3.962111290E-02
        -5.013648631E-01        -5.214372049E-01         2.187567893E-02
         4.218579577E-01        -5.926828124E-01        -3.240580268E-02
         6.570295471E-01         3.039003315E-01        -3.381750052E-02
        -1.889602303E-01         6.933363927E-01         2.032246187E-02
        -7.148959394E-01        -8.019764851E-02         4.019505157E-02
        -4.596998238E-02        -7.253020564E-01        -7.189790044E-03
         7.029909932E-01        -1.817492909E-01        -4.306279204E-02
         3.006702840E-01         6.555930837E-01        -8.464440953E-03
        -5.970984508E-01         3.977965321E-01         3.988012850E-02
        -4.926242225E-01        -5.298441989E-01         2.125576049E-02
         4.316115345E-01        -5.856079146E-01        -3.287280679E-02
         6.518396960E-01         3.148094114E-01        -3.336603042E-02
        -2.005760045E-01         6.900361061E-01         2.095170448E-02
        -7.135001381E-01        -9.218366875E-02         3.994934480E-02
        -3.393158719E-02        -7.259737135E-01        -7.898276890E-03
         7.058859250E-01        -1.699730193E-01        -4.306920979E-02
         2.895912511E-01         6.605370575E-01        -7.753000597E-03
        -6.037383132E-01         3.876854211E-01         4.012703835E-02
        -4.837864572E-01        -5.380151202E-01         2.063008005E-02
         4.412328230E-01        -5.783460164E-01        -3.333252565E-02
         6.464080230E-01         3.256700972E-01        -3.290404580E-02
        -2.122850018E-01         6.864701560E-01         2.158048360E-02
        -7.119251698E-01        -1.042962928E-01         3.969270417E-02
        -2.191500012E-02        -7.265253307E-01        -8.603836186E-03
         7.085560287E-01        -1.583316197E-01        -4.306657109E-02
         2.784592407E-01         6.651896174E-01        -7.043434951E-03
        -6.102481643E-01         3.773102869E-01         4.036454416E-02
        -4.747556216E-01        -5.461643764E-01         1.999532411E-02
         4.507193757E-01        -5.710297889E-01        -3.378435663E-02
         6.408874659E-01         3.362792897E-01        -3.243985589E-02
        -2.238079597E-01         6.827039109E-01         2.219860191E-02
        -7.101240573E-01        -1.163464845E-01         3.942587270E-02
        -9.845067319E-03        -7.268361275E-01        -9.305872376E-03
         7.110506212E-01        -1.465128694E-01        -4.305040147E-02
         2.672002088E-01         6.697399213E-01        -6.329499187E-03
        -6.165764952E-01         3.669770215E-01         4.059184517E-02
        -4.657279193E-01        -5.539987732E-01         1.936638749E-02
         4.600251526E-01        -5.634738254E-01        -3.422163323E-02
         6.350833967E-01         3.469566781E-01        -3.195945913E-02
        -2.353724912E-01         6.787889712E-01         2.281558374E-02
        -7.081916371E-01        -1.282586159E-01         3.915288614E-02
         2.085728496E-03        -7.269203266E-01        -9.998147296E-03
         7.133012324E-01        -1.346757282E-01        -4.302082095E-02
         2.558191042E-01         6.740848897E-01        -5.612953337E-03
        -6.227646890E-01         3.563933795E-01         4.080536750E-02
        -4.564278800E-01        -5.618203245E-01         1.872269633E-02
         4.693100612E-01        -5.557784623E-01        -3.465315968E-02
         6.292073211E-01         3.574464437E-01        -3.147623378E-02
        -2.467422831E-01         6.746571743E-01         2.341655368E-02
        -7.059566953E-01        -1.402482755E-01         3.885962685E-02
         1.422475879E-02        -7.268313569E-01        -1.069886693E-02
         7.154431529E-01        -1.227867182E-01        -4.298166195E-02
         2.445082262E-01         6.782238886E-01        -4.901892242E-03
        -6.286826819E-01         3.458074136E-01         4.100246571E-02
        -4.470002689E-01        -5.694404003E-01         1.807281971E-02
         4.784657165E-01        -5.478857901E-01        -3.507457425E-02
         6.230711188E-01         3.679333029E-01        -3.097800736E-02
        -2.581660974E-01         6.703314065E-01         2.401773081E-02
        -7.036149766E-01        -1.521512592E-01         3.855896785E-02
         2.613683697E-02        -7.265621658E-01        -1.138621385E-02
         7.172822020E-01        -1.109640924E-01        -4.292486926E-02
         2.329941370E-01         6.821602384E-01        -4.179382488E-03
        -6.345245143E-01         3.350562215E-01         4.119280652E-02
        -4.375718432E-01        -5.768960510E-01         1.742250068E-02
         4.873410821E-01        -5.399836028E-01        -3.548061709E-02
         6.167887944E-01         3.781793946E-01        -3.047188949E-02
        -2.694765621E-01         6.657982982E-01         2.461201454E-02
        -7.010230869E-01        -1.640398910E-01         3.824703879E-02
         3.819177934E-02        -7.260679600E-01        -1.207717728E-02
         7.189981849E-01        -9.901805685E-02        -4.286033560E-02
         2.215268331E-01         6.859376090E-01        -3.461121835E-03
        -6.400814358E-01         3.243514283E-01         4.136928724E-02
        -4.279445425E-01        -5.841255538E-01         1.676416872E-02
         4.962316125E-01        -5.317683001E-01        -3.588482676E-02
         6.103379366E-01         3.884598114E-01        -2.995668641E-02
        -2.806599170E-01         6.611521725E-01         2.519795211E-02
        -6.982519749E-01        -1.757602081E-01         3.792587901E-02
         5.019463792E-02        -7.253340951E-01        -1.276419073E-02
         7.204916464E-01        -8.700062290E-02        -4.278415595E-02
         2.098654597E-01         6.895212938E-01        -2.738645243E-03
        -6.455535871E-01         3.133913444E-01         4.153638323E-02
        -4.182047975E-01        -5.912915865E-01         1.610188448E-02
         5.049072327E-01        -5.235450518E-01        -3.627667745E-02
         6.037479658E-01         3.984833070E-01        -2.943852692E-02
        -2.918038629E-01         6.562091740E-01         2.577708043E-02
        -6.952612088E-01        -1.876152842E-01         3.759136303E-02
         6.218893910E-02        -7.244866677E-01        -1.344819675E-02
         7.217982949E-01        -7.512246992E-02        -4.269827438E-02
         1.982877479E-01         6.928409346E-01        -2.022008680E-03
        -6.507812319E-01         3.023741573E-01         4.168969012E-02
        -4.083189505E-01        -5.982752664E-01         1.543553521E-02
         5.134957040E-01        -5.150864936E-01        -3.665708856E-02
         5.969438351E-01         4.085187165E-01        -2.890750619E-02
        -3.028542911E-01         6.511772662E-01         2.634879564E-02
        -6.921382860E-01        -1.992184071E-01         3.725229772E-02
         7.406440493E-02        -7.233633111E-01        -1.412123224E-02
         7.228549202E-01        -6.307514499E-02        -4.259539838E-02
         1.865088320E-01         6.960589201E-01        -1.295429857E-03
        -6.558697045E-01         2.913509965E-01         4.183441495E-02
        -3.984441628E-01        -6.050095600E-01         1.477107159E-02
         5.218559988E-01        -5.065166912E-01        -3.702525564E-02
         5.899339767E-01         4.184320192E-01        -2.836665374E-02
        -3.138922398E-01         6.458789083E-01         2.691474855E-02
        -6.887517038E-01        -2.109488492E-01         3.689596370E-02
         8.607405985E-02        -7.220874677E-01        -1.479886098E-02
         7.237833185E-01        -5.108804088E-02        -4.248487323E-02
         1.748195171E-01         6.990136940E-01        -5.779307080E-04
        -6.607026432E-01         2.801747312E-01         4.196139163E-02
        -3.882640383E-01        -6.116796218E-01         1.409026744E-02
         5.302134809E-01        -4.977801614E-01        -3.738976452E-02
         5.828633285E-01         4.281811685E-01        -2.782378568E-02
        -3.247085273E-01         6.404470915E-01         2.746694849E-02
        -6.851532260E-01        -2.225488763E-01         3.652918419E-02
         9.806682654E-02        -7.205824137E-01        -1.547251759E-02
         7.244845303E-01        -3.899757644E-02        -4.236100757E-02
         1.629435786E-01         7.018101780E-01         1.469796712E-04
        -6.654337606E-01         2.689138217E-01         4.208059914E-02
        -3.781584199E-01        -6.181280722E-01         1.341556154E-02
         5.382608014E-01        -4.890051680E-01        -3.773589088E-02
         5.755407162E-01         4.377885115E-01        -2.726734175E-02
        -3.355788260E-01         6.347664200E-01         2.801895702E-02
        -6.814438152E-01        -2.341124256E-01         3.615529696E-02
         1.098595843E-01        -7.189377666E-01        -1.613336567E-02
         7.249493448E-01        -2.706533355E-02        -4.222393963E-02
         1.510807091E-01         7.043528845E-01         8.692926233E-04
        -6.699411637E-01         2.575484113E-01         4.218686251E-02
        -3.678234376E-01        -6.244383818E-01         1.273281187E-02
         5.462868018E-01        -4.799974160E-01        -3.807650718E-02
         5.681356293E-01         4.473170319E-01        -2.670711253E-02
        -3.461915150E-01         6.290071608E-01         2.855544997E-02
        -6.774794469E-01        -2.455150969E-01         3.576897514E-02
         1.217851424E-01        -7.170039403E-01        -1.679827977E-02
         7.252728195E-01        -1.493190214E-02        -4.207591586E-02
         1.392179192E-01         7.067705480E-01         1.590327576E-03
        -6.742122093E-01         2.462391777E-01         4.227881758E-02
        -3.574283843E-01        -6.305067461E-01         1.204643238E-02
         5.541490288E-01        -4.708258267E-01        -3.840649928E-02
         5.604916895E-01         4.567665407E-01        -2.613643698E-02
        -3.568385723E-01         6.229835322E-01         2.908784667E-02
        -6.733339733E-01        -2.569768046E-01         3.537135036E-02
         1.336069974E-01        -7.149629954E-01        -1.745626513E-02
         7.253758924E-01        -2.976159485E-03        -4.191831483E-02
         1.273215219E-01         7.089039174E-01         2.309886596E-03
        -6.783188453E-01         2.347067044E-01         4.235924380E-02
        -3.468940008E-01        -6.365027847E-01         1.135285034E-02
         5.618262820E-01        -4.616578581E-01        -3.872665441E-02
         5.527966171E-01         4.659469126E-01        -2.556380344E-02
        -3.672759237E-01         6.168047054E-01         2.960954848E-02
        -6.689781232E-01        -2.683254350E-01         3.496423463E-02
         1.454478493E-01        -7.126746219E-01        -1.810985196E-02
         7.252769716E-01         9.113728446E-03        -4.174673777E-02
         1.153528753E-01         7.109194307E-01         3.031937554E-03
        -6.822314827E-01         2.233003177E-01         4.243104698E-02
        -3.363958153E-01        -6.421775994E-01         1.066618523E-02
         5.693168772E-01        -4.522569400E-01        -3.903372947E-02
         5.448190252E-01         4.751507903E-01        -2.497582616E-02
        -3.776964866E-01         6.105015266E-01         3.012871681E-02
        -6.645245069E-01        -2.794727222E-01         3.455440052E-02
         1.571189739E-01        -7.101781313E-01        -1.875344672E-02
         7.249379662E-01         2.118655738E-02        -4.156378789E-02
         1.032746072E-01         7.127006268E-01         3.754833521E-03
        -6.859811232E-01         2.116513456E-01         4.248939658E-02
        -3.256608386E-01        -6.477877225E-01         9.968865288E-03
         5.767303768E-01        -4.427649671E-01        -3.933333684E-02
         5.368080961E-01         4.841175842E-01        -2.438998345E-02
        -3.879230677E-01         6.039783165E-01         3.063147591E-02
        -6.597674279E-01        -2.906826507E-01         3.412635833E-02
         1.689318139E-01        -7.074942378E-01        -1.940004607E-02
         7.244793981E-01         3.323822313E-02        -4.137269232E-02
         9.131737358E-02         7.142710824E-01         4.467694428E-03
        -6.894741571E-01         2.000179605E-01         4.253231564E-02
        -3.148392358E-01        -6.531896513E-01         9.269570933E-03
         5.839812572E-01        -4.330919596E-01        -3.962010000E-02
         5.285447250E-01         4.930402238E-01        -2.379091262E-02
        -3.981504754E-01         5.972670422E-01         3.112994059E-02
        -6.549379426E-01        -3.017595230E-01         3.369341661E-02
         1.804749992E-01        -7.046633167E-01        -2.002932706E-02
         7.237282330E-01         4.521491337E-02        -4.116342109E-02
         7.918612733E-02         7.156241907E-01         5.188878135E-03
        -6.928582835E-01         1.882644910E-01         4.256537833E-02
        -3.040725242E-01        -6.584169393E-01         8.573417064E-03
         5.909457472E-01        -4.234591425E-01        -3.988987718E-02
         5.201725519E-01         5.017163089E-01        -2.318550509E-02
        -4.082258112E-01         5.903702664E-01         3.161840742E-02
        -6.498429307E-01        -3.128086905E-01         3.324739787E-02
         1.921322933E-01        -7.016002587E-01        -2.066099775E-02
         7.228445458E-01         5.725207937E-02        -4.094533280E-02
         6.717458547E-02         7.168164759E-01         5.902622881E-03
        -6.959496731E-01         1.765875261E-01         4.258350739E-02
        -2.930937246E-01        -6.634186739E-01         7.866931036E-03
         5.978859233E-01        -4.135348608E-01        -4.015571919E-02
         5.116654325E-01         5.103579737E-01        -2.257222236E-02
        -4.181169768E-01         5.833995937E-01         3.209644763E-02
        -6.445849896E-01        -3.236597214E-01         3.279228487E-02
         2.037220467E-01        -6.983129062E-01        -2.128886360E-02
         7.217264448E-01         6.931797549E-02        -4.071597059E-02
         5.499751599E-02         7.177861117E-01         6.620091701E-03
        -6.989121851E-01         1.647098462E-01         4.259211069E-02
        -2.820582849E-01        -6.683134112E-01         7.159099914E-03
         6.045903498E-01        -4.036575278E-01        -4.041058391E-02
         5.030407529E-01         5.187264121E-01        -2.195731908E-02
        -4.279512878E-01         5.761364793E-01         3.256855564E-02
        -6.391162888E-01        -3.345756391E-01         3.232609412E-02
         2.152386784E-01        -6.949206489E-01        -2.191136596E-02
         7.204480063E-01         8.118974898E-02        -4.048010126E-02
         4.294281385E-02         7.185048676E-01         7.329763404E-03
        -7.016349999E-01         1.528179462E-01         4.258878553E-02
        -2.709050426E-01        -6.729950743E-01         6.450806922E-03
         6.111825292E-01        -3.935503768E-01        -4.065371607E-02
         4.942361583E-01         5.270568440E-01        -2.133394137E-02
        -4.376338936E-01         5.688288178E-01         3.303062280E-02
        -6.335561717E-01        -3.452021344E-01         3.185973701E-02
         2.266300627E-01        -6.912528843E-01        -2.252172603E-02
         7.189110587E-01         9.321738422E-02        -4.022784181E-02
         3.075687502E-02         7.190956411E-01         8.043698166E-03
        -7.042009937E-01         1.409812350E-01         4.257655095E-02
        -2.598114741E-01        -6.774229845E-01         5.747918927E-03
         6.175412191E-01        -3.833513947E-01        -4.088346950E-02
         4.852502960E-01         5.352400685E-01        -2.070327670E-02
        -4.472585813E-01         5.612511402E-01         3.348273066E-02
        -6.277233277E-01        -3.559098891E-01         3.137630514E-02
         2.380802369E-01        -6.874317553E-01        -2.313093517E-02
         7.172509564E-01         1.051227309E-01        -3.996836165E-02
         1.870381849E-02         7.194321068E-01         8.745187716E-03
        -7.064933804E-01         1.290070590E-01         4.254457261E-02
        -2.484468175E-01        -6.817483521E-01         5.031377805E-03
         6.238339176E-01        -3.730356325E-01        -4.110535892E-02
         4.762485600E-01         5.432270131E-01        -2.007263081E-02
        -4.566286408E-01         5.535900400E-01         3.391926046E-02
        -6.217044472E-01        -3.664549675E-01         3.088299317E-02
         2.494659867E-01        -6.833893519E-01        -2.373366358E-02
         7.153412400E-01         1.170995359E-01        -3.969333636E-02
         6.509324114E-03         7.195953942E-01         9.452509503E-03
        -7.086631970E-01         1.170362038E-01         4.250387235E-02
        -2.372223533E-01        -6.858427549E-01         4.323653361E-03
         6.298120949E-01        -3.627133882E-01        -4.130883519E-02
         4.669933311E-01         5.510653900E-01        -1.942721986E-02
        -4.660050645E-01         5.457126737E-01         3.435383085E-02
        -6.156130615E-01        -3.768828443E-01         3.038510050E-02
         2.606058548E-01        -6.792440841E-01        -2.432247001E-02
         7.132159491E-01         1.288869934E-01        -3.940691250E-02
        -5.656281113E-03         7.195171902E-01         1.015711379E-02
        -7.106002208E-01         1.049946136E-01         4.245151819E-02
        -2.257900634E-01        -6.897646175E-01         3.608657970E-03
         6.357261028E-01        -3.521963490E-01        -4.150664901E-02
         4.577002160E-01         5.587701030E-01        -1.878151524E-02
        -4.751127789E-01         5.377863323E-01         3.477371144E-02
        -6.092800808E-01        -3.871398154E-01         2.987648571E-02
         2.718505201E-01        -6.747963156E-01        -2.491404524E-02
         7.109342683E-01         1.408042763E-01        -3.911075583E-02
        -1.776672998E-02         7.192959337E-01         1.085663420E-02
        -7.123171483E-01         9.304212838E-02         4.238678179E-02
        -2.143396722E-01        -6.934417792E-01         2.893882015E-03
         6.414507137E-01        -3.415441436E-01        -4.169294778E-02
         4.481765480E-01         5.663531299E-01        -1.812810546E-02
        -4.842185638E-01         5.295842747E-01         3.518736880E-02
        -6.027930168E-01        -3.974039371E-01         2.935989257E-02
         2.829206202E-01        -6.702721320E-01        -2.549432557E-02
         7.084506965E-01         1.525099042E-01        -3.880684564E-02
        -2.989658949E-02         7.187827289E-01         1.155286678E-02
        -7.138521174E-01         8.088146938E-02         4.230930309E-02
        -2.028166574E-01        -6.970218374E-01         2.176740624E-03
         6.469664508E-01        -3.309567262E-01        -4.186758829E-02
         4.386527458E-01         5.736557196E-01        -1.747562333E-02
        -4.930963103E-01         5.212547597E-01         3.558801547E-02
        -5.961081016E-01        -4.075401481E-01         2.883480446E-02
         2.939792768E-01        -6.655007580E-01        -2.606728317E-02
         7.057559057E-01         1.643068914E-01        -3.848848557E-02
        -4.201854378E-02         7.181504903E-01         1.224666344E-02
        -7.151919747E-01         6.890062400E-02         4.222291922E-02
        -1.913407382E-01        -7.002996408E-01         1.466544541E-03
         6.522848762E-01        -3.201436650E-01        -4.202789899E-02
         4.288725924E-01         5.809357660E-01        -1.680894766E-02
        -5.018853503E-01         5.128430362E-01         3.598239497E-02
        -5.893470927E-01        -4.174516201E-01         2.830690891E-02
         3.048585098E-01        -6.605505341E-01        -2.663067651E-02
         7.028284784E-01         1.760546882E-01        -3.815847210E-02
        -5.421442204E-02         7.172661549E-01         1.293971250E-02
        -7.163244553E-01         5.671085187E-02         4.212097276E-02
        -1.796569703E-01        -7.034756339E-01         7.469033551E-04
         6.574885757E-01        -3.093047935E-01        -4.218020735E-02
         4.190970419E-01         5.879526775E-01        -1.614656053E-02
        -5.104659831E-01         5.042256014E-01         3.636093375E-02
        -5.822728535E-01        -4.273870581E-01         2.776108135E-02
         3.158229188E-01        -6.554157985E-01        -2.719502764E-02
         6.997916779E-01         1.877056613E-01        -3.782288129E-02
        -6.624639479E-02         7.161873641E-01         1.362152024E-02
        -7.172107806E-01         4.458263910E-02         4.200617912E-02
        -1.679182617E-01        -7.064272635E-01         2.738030666E-05
         6.625100442E-01        -2.983017160E-01        -4.232020887E-02
         4.090877498E-01         5.948804228E-01        -1.547322595E-02
        -5.189986708E-01         4.954580912E-01         3.673377222E-02
        -5.751816301E-01        -4.371227539E-01         2.721582699E-02
         3.264979837E-01        -6.501578211E-01        -2.774094962E-02
         6.964754434E-01         1.992765233E-01        -3.747119857E-02
        -7.841578396E-02         7.148779630E-01         1.430819201E-02
        -7.179779527E-01         3.240756619E-02         4.188253795E-02
        -1.563043160E-01        -7.091916900E-01        -6.832924998E-04
         6.672560128E-01        -2.873723745E-01        -4.244406117E-02
         3.990105759E-01         6.015597629E-01        -1.479764248E-02
        -5.273514525E-01         4.865239018E-01         3.709452267E-02
        -5.678295833E-01        -4.467985762E-01         2.665904717E-02
         3.372380039E-01        -6.446593195E-01        -2.828558940E-02
         6.930401849E-01         2.108443305E-01        -3.711217433E-02
        -9.038998811E-02         7.134212363E-01         1.498204767E-02
        -7.184561754E-01         2.032849735E-02         4.174336957E-02
        -1.444921515E-01        -7.117142325E-01        -1.402630197E-03
         6.719319138E-01        -2.761784175E-01        -4.256005729E-02
         3.888560991E-01         6.081533112E-01        -1.411791126E-02
        -5.354743985E-01         4.775666195E-01         3.744109104E-02
        -5.603477184E-01        -4.562540600E-01         2.609428991E-02
         3.478676728E-01        -6.389559467E-01        -2.882279188E-02
         6.893588961E-01         2.224077887E-01        -3.674061672E-02
        -1.024825595E-01         7.117259473E-01         1.565701670E-02
        -7.187742071E-01         8.112235317E-03         4.159270313E-02
        -1.327011860E-01        -7.141120396E-01        -2.119943263E-03
         6.763534300E-01        -2.650874149E-01        -4.266396476E-02
         3.786006176E-01         6.144745338E-01        -1.343552873E-02
        -5.435039535E-01         4.683433852E-01         3.778017674E-02
        -5.526823064E-01        -4.657048242E-01         2.551903659E-02
         3.583538690E-01        -6.331854199E-01        -2.935226644E-02
         6.855423886E-01         2.337364486E-01        -3.636286864E-02
        -1.144266820E-01         7.098119619E-01         1.632462409E-02
        -7.188581929E-01        -4.061851426E-03         4.143089117E-02
        -1.208209306E-01        -7.162766496E-01        -2.836902613E-03
         6.806268105E-01        -2.537965535E-01        -4.275585649E-02
         3.681978670E-01         6.207186370E-01        -1.274626027E-02
        -5.513465756E-01         4.591421716E-01         3.810982787E-02
        -5.449650734E-01        -4.748384834E-01         2.494628906E-02
         3.687116733E-01        -6.271431957E-01        -2.987124080E-02
         6.814539576E-01         2.451818176E-01        -3.596963192E-02
        -1.264490202E-01         7.077580695E-01         1.699433437E-02
        -7.187952082E-01        -1.611626892E-02         4.126303590E-02
        -1.090408447E-01        -7.181913979E-01        -3.546683204E-03
         6.846652060E-01        -2.424430797E-01        -4.283594269E-02
         3.576277643E-01         6.267800213E-01        -1.205242055E-02
        -5.591092106E-01         4.496610419E-01         3.842892677E-02
        -5.369894286E-01        -4.839989444E-01         2.435999651E-02
         3.790568170E-01        -6.209664880E-01        -3.038512796E-02
         6.772646700E-01         2.564426599E-01        -3.557330509E-02
        -1.383264680E-01         7.054477784E-01         1.764953926E-02
        -7.184550795E-01        -2.831026681E-02         4.107646208E-02
        -9.704342408E-02        -7.199719989E-01        -4.264595905E-03
         6.885966454E-01        -2.310383037E-01        -4.290680753E-02
         3.470996363E-01         6.326170277E-01        -1.136379131E-02
        -5.666112463E-01         4.401204861E-01         3.873151877E-02
        -5.288598410E-01        -4.929879801E-01         2.376686679E-02
         3.892994921E-01        -6.145781942E-01        -3.088880318E-02
         6.728191339E-01         2.677385580E-01        -3.516147624E-02
        -1.502844584E-01         7.029521575E-01         1.830551193E-02
        -7.179960624E-01        -4.044105189E-02         4.088120210E-02
        -8.524407281E-02        -7.215393198E-01        -4.969231334E-03
         6.922191794E-01        -2.196467911E-01        -4.295805025E-02
         3.363360115E-01         6.382888552E-01        -1.066202670E-02
        -5.740648845E-01         4.303959463E-01         3.902753300E-02
        -5.206969042E-01        -5.018258088E-01         2.317123552E-02
         3.992711240E-01        -6.081347452E-01        -3.137636914E-02
         6.681893623E-01         2.788266452E-01        -3.473898966E-02
        -1.621696955E-01         7.002293009E-01         1.895588598E-02
        -7.172801652E-01        -5.262338409E-02         4.067206466E-02
        -7.324944671E-02        -7.229167030E-01        -5.681345029E-03
         6.957446086E-01        -2.081127362E-01        -4.300170178E-02
         3.255986078E-01         6.437948142E-01        -9.962548665E-03
        -5.812255318E-01         4.206621231E-01         3.930782719E-02
        -5.122792798E-01        -5.104922213E-01         2.256254037E-02
         4.093192854E-01        -6.013885975E-01        -3.186578137E-02
         6.634052996E-01         2.899688486E-01        -3.430680278E-02
        -1.739351035E-01         6.973760854E-01         1.959897251E-02
        -7.163513860E-01        -6.466916965E-02         4.045113309E-02
        -6.125437441E-02        -7.240539583E-01        -6.393251487E-03
         6.990629359E-01        -1.964791102E-01        -4.303436966E-02
         3.146427904E-01         6.491411115E-01        -9.255853025E-03
        -5.883348983E-01         4.106789965E-01         3.958161539E-02
        -5.037444915E-01        -5.190994652E-01         2.194870376E-02
         4.191541727E-01        -5.946042273E-01        -3.234398855E-02
         6.584442762E-01         3.008730546E-01        -3.386933946E-02
        -1.857062915E-01         6.942290355E-01         2.023922842E-02
        -7.152296688E-01        -7.686102725E-02         4.021896647E-02
        -4.925793536E-02        -7.250704939E-01        -7.103538036E-03
         7.021769360E-01        -1.849641078E-01        -4.305735746E-02
         3.037343063E-01         6.542062457E-01        -8.553336346E-03
        -5.952115545E-01         4.006050437E-01         3.984294694E-02
        -4.950384978E-01        -5.275402895E-01         2.133040475E-02
         4.289472576E-01        -5.875672118E-01        -3.281309227E-02
         6.532839586E-01         3.118181527E-01        -3.342056762E-02
        -1.973884846E-01         6.909794888E-01         2.087190130E-02
        -7.139360285E-01        -8.881956361E-02         3.998086529E-02
        -3.732563466E-02        -7.257871104E-01        -7.804723894E-03
         7.050818783E-01        -1.732244949E-01        -4.306539426E-02
         2.926237669E-01         6.592046485E-01        -7.841485281E-03
        -6.019453170E-01         3.905051962E-01         4.009489647E-02
        -4.863035692E-01        -5.357310613E-01         2.071231493E-02
         4.385387874E-01        -5.803734005E-01        -3.327033834E-02
         6.479042731E-01         3.226859616E-01        -3.296096919E-02
        -2.090975448E-01         6.874646304E-01         2.149936835E-02
        -7.124043938E-01        -1.009486689E-01         3.972535776E-02
        -2.525229935E-02        -7.263750957E-01        -8.510315328E-03
         7.078446060E-01        -1.615251186E-01        -4.306367498E-02
         2.815631154E-01         6.639330231E-01        -7.136816535E-03
